v 0.0816 1.4169 -0.0406
v 0.0816 1.8595 -0.0255
v 0.0816 1.4114 0.1226
v 0.0816 1.8539 0.1376
v -0.0816 1.4169 -0.0406
v -0.0816 1.4114 0.1226
v 0.0816 1.8595 -0.0255
v -0.0816 1.8595 -0.0255
v -0.0816 1.8539 0.1376
v -0.0816 1.4114 0.1226
v 0.0816 1.8539 0.1376
v 0.0816 1.4114 0.1226
v -0.0816 1.8595 -0.0255
v 0.0816 1.8595 -0.0255
v 0.0816 1.3904 0.2549
v 0.0816 1.816 0.3773
v 0.0816 1.3453 0.4117
v 0.0816 1.7709 0.5341
v -0.0816 1.3904 0.2549
v -0.0816 1.3453 0.4117
v 0.0816 1.816 0.3773
v -0.0816 1.816 0.3773
v -0.0816 1.7709 0.5341
v -0.0816 1.3453 0.4117
v 0.0816 1.7709 0.5341
v 0.0816 1.3453 0.4117
v -0.0816 1.816 0.3773
v 0.0816 1.816 0.3773
v 0.0816 1.3659 -0.3498
v 0.0816 1.7974 -0.449
v 0.0816 1.4025 -0.1907
v 0.0816 1.834 -0.29
v -0.0816 1.3659 -0.3498
v -0.0816 1.4025 -0.1907
v 0.0816 1.7974 -0.449
v -0.0816 1.7974 -0.449
v -0.0816 1.834 -0.29
v -0.0816 1.4025 -0.1907
v 0.0816 1.834 -0.29
v 0.0816 1.4025 -0.1907
v -0.0816 1.7974 -0.449
v 0.0816 1.7974 -0.449
v 0.0816 1.2852 0.5501
v 0.0816 1.665 0.7778
v 0.0816 1.2013 0.6901
v 0.0816 1.5811 0.9177
v -0.0816 1.2852 0.5501
v -0.0816 1.2013 0.6901
v 0.0816 1.665 0.7778
v -0.0816 1.665 0.7778
v -0.0816 1.5811 0.9177
v -0.0816 1.2013 0.6901
v 0.0816 1.5811 0.9177
v 0.0816 1.2013 0.6901
v -0.0816 1.665 0.7778
v 0.0816 1.665 0.7778


vn 1.0 0.0 0.0
vn 0.0 0.9994 0.0337
vn 0.0 -0.0341 0.9994
vn -1.0 0.0 0.0
vn 0.0 0.0339 -0.9994
vn 0.0 -0.9994 -0.0343
vn 0.0 0.0 0.0
vn 1.0 0.0 0.0
vn 0.0 0.961 0.2764
vn 0.0 -0.2764 0.961
vn -1.0 0.0 0.0
vn 0.0 0.2764 -0.961
vn 0.0 -0.961 -0.2764
vn 0.0 0.0 0.0
vn 1.0 0.0 0.0
vn 0.0 0.9745 -0.2242
vn 0.0 0.2241 0.9746
vn -1.0 0.0 0.0
vn 0.0 -0.2243 -0.9745
vn 0.0 -0.9745 0.2243
vn 0.0 0.0 0.0
vn 1.0 0.0 0.0
vn 0.0 0.8578 0.514
vn 0.0 -0.5142 0.8577
vn -1.0 0.0 0.0
vn 0.0 0.514 -0.8578
vn 0.0 -0.8576 -0.5143
vn 0.0 0.0 0.0

vt 0 0

g Group_001

g Group_002

f 3//2 4//2 6//2 5//2
f 3//3 5//3 8//3 7//3
f 8//4 5//4 10//4 9//4
f 9//5 10//5 12//5 11//5
f 9//6 11//6 14//6 13//6

g Group_003


g Group_004

f 17//9 18//9 20//9 19//9
f 17//10 19//10 22//10 21//10
f 22//11 19//11 24//11 23//11
f 23//12 24//12 26//12 25//12
f 23//13 25//13 28//13 27//13

g Group_005


g Group_006

f 31//16 32//16 34//16 33//16
f 31//17 33//17 36//17 35//17
f 36//18 33//18 38//18 37//18
f 37//19 38//19 40//19 39//19
f 37//20 39//20 42//20 41//20

g Group_007


g Group_008

f 45//23 46//23 48//23 47//23
f 45//24 47//24 50//24 49//24
f 50//25 47//25 52//25 51//25
f 51//26 52//26 54//26 53//26
f 51//27 53//27 56//27 55//27

#Vertex Count: 56