v -0.0884 -0.032 0.0884
v -0.0884 0.032 0.0884
v -0.125 -0.032 0.0
v -0.125 0.032 0.0
v -0.0 -0.032 0.125
v 0.0884 -0.032 0.0884
v -0.0884 0.032 0.0884
v -0.0 0.032 0.125
v 0.0884 0.032 0.0884
v 0.0884 -0.032 0.0884
v -0.0884 0.032 0.0884
v -0.125 0.032 0.0
v -0.0884 0.032 -0.0884
v 0.125 0.032 0.0
v -0.125 -0.032 0.0
v -0.0884 -0.032 -0.0884
v 0.0884 -0.032 0.0884
v 0.125 -0.032 0.0
v 0.0884 0.032 0.0884
v 0.125 0.032 0.0
v 0.0884 0.032 -0.0884
v 0.0884 -0.032 -0.0884
v -0.0 -0.032 -0.125
v -0.0884 -0.032 -0.0884
v -0.0 0.032 -0.125
v -0.0884 0.032 -0.0884
v 0.0884 0.032 -0.0884
v 0.125 0.032 0.0
v -0.0 -0.032 -0.125
v 0.0884 -0.032 -0.0884
v 0.1154 -0.0256 0.0201
v 0.1154 0.0256 0.0201
v 0.1585 -0.0256 0.0379
v 0.1585 0.0256 0.0379
v 0.0958 -0.0256 0.0674
v 0.1389 -0.0256 0.0852
v 0.0958 0.0256 0.0674
v 0.1389 0.0256 0.0852
v 0.1585 0.0256 0.0379
v 0.1585 -0.0256 0.0379
v 0.0958 0.0256 0.0674
v 0.1154 0.0256 0.0201
v 0.0958 -0.0256 -0.0674
v 0.0958 0.0256 -0.0674
v 0.1389 -0.0256 -0.0852
v 0.1389 0.0256 -0.0852
v 0.1154 -0.0256 -0.0201
v 0.1585 -0.0256 -0.0379
v 0.1154 0.0256 -0.0201
v 0.1585 0.0256 -0.0379
v 0.1389 0.0256 -0.0852
v 0.1389 -0.0256 -0.0852
v 0.1154 0.0256 -0.0201
v 0.0958 0.0256 -0.0674
v 0.0201 -0.0256 -0.1154
v 0.0201 0.0256 -0.1154
v 0.0379 -0.0256 -0.1585
v 0.0379 0.0256 -0.1585
v 0.0674 -0.0256 -0.0958
v 0.0852 -0.0256 -0.1389
v 0.0674 0.0256 -0.0958
v 0.0852 0.0256 -0.1389
v 0.0379 0.0256 -0.1585
v 0.0379 -0.0256 -0.1585
v 0.0674 0.0256 -0.0958
v 0.0201 0.0256 -0.1154
v -0.0674 -0.0256 -0.0958
v -0.0674 0.0256 -0.0958
v -0.0852 -0.0256 -0.1389
v -0.0852 0.0256 -0.1389
v -0.0201 -0.0256 -0.1154
v -0.0379 -0.0256 -0.1585
v -0.0201 0.0256 -0.1154
v -0.0379 0.0256 -0.1585
v -0.0852 0.0256 -0.1389
v -0.0852 -0.0256 -0.1389
v -0.0201 0.0256 -0.1154
v -0.0674 0.0256 -0.0958
v -0.1154 -0.0256 -0.0201
v -0.1154 0.0256 -0.0201
v -0.1585 -0.0256 -0.0379
v -0.1585 0.0256 -0.0379
v -0.0958 -0.0256 -0.0674
v -0.1389 -0.0256 -0.0852
v -0.0958 0.0256 -0.0674
v -0.1389 0.0256 -0.0852
v -0.1585 0.0256 -0.0379
v -0.1585 -0.0256 -0.0379
v -0.0958 0.0256 -0.0674
v -0.1154 0.0256 -0.0201
v -0.0958 -0.0256 0.0674
v -0.0958 0.0256 0.0674
v -0.1389 -0.0256 0.0852
v -0.1389 0.0256 0.0852
v -0.1154 -0.0256 0.0201
v -0.1585 -0.0256 0.0379
v -0.1154 0.0256 0.0201
v -0.1585 0.0256 0.0379
v -0.1389 0.0256 0.0852
v -0.1389 -0.0256 0.0852
v -0.1154 0.0256 0.0201
v -0.0958 0.0256 0.0674
v -0.0201 -0.0256 0.1154
v -0.0201 0.0256 0.1154
v -0.0379 -0.0256 0.1585
v -0.0379 0.0256 0.1585
v -0.0674 -0.0256 0.0958
v -0.0852 -0.0256 0.1389
v -0.0674 0.0256 0.0958
v -0.0852 0.0256 0.1389
v -0.0379 0.0256 0.1585
v -0.0379 -0.0256 0.1585
v -0.0674 0.0256 0.0958
v -0.0201 0.0256 0.1154
v 0.0674 -0.0256 0.0958
v 0.0674 0.0256 0.0958
v 0.0852 -0.0256 0.1389
v 0.0852 0.0256 0.1389
v 0.0201 -0.0256 0.1154
v 0.0379 -0.0256 0.1585
v 0.0201 0.0256 0.1154
v 0.0379 0.0256 0.1585
v 0.0852 0.0256 0.1389
v 0.0852 -0.0256 0.1389
v 0.0201 0.0256 0.1154
v 0.0674 0.0256 0.0958


vn -0.9239 0.0 -0.3825
vn 0.0 1.0 0.0
vn -0.3825 0.0 -0.9239
vn 0.3825 0.0 -0.9239
vn 0.0 -1.0 0.0
vn 0.0 -1.0 0.0
vn -0.9239 0.0 0.3825
vn 0.0 1.0 0.0
vn 0.9239 0.0 -0.3825
vn 0.9239 0.0 0.3825
vn 0.0 1.0 0.0
vn -0.3825 0.0 0.9239
vn 0.0 -1.0 0.0
vn 0.3825 0.0 0.9239
vn 0.0 0.0 0.0
vn 0.3817 0.0 0.9243
vn 0.0 1.0 0.0
vn -0.3817 0.0 -0.9243
vn 0.9238 0.0 -0.3828
vn 0.0 -1.0 0.0
vn 0.0 0.0 0.0
vn -0.3817 0.0 0.9243
vn 0.0 1.0 0.0
vn 0.3817 0.0 -0.9243
vn 0.9238 0.0 0.3828
vn 0.0 -1.0 0.0
vn 0.0 0.0 0.0
vn -0.9243 0.0 0.3817
vn 0.0 1.0 0.0
vn 0.9243 0.0 -0.3817
vn 0.3828 0.0 0.9238
vn 0.0 -1.0 0.0
vn 0.0 0.0 0.0
vn -0.9243 0.0 -0.3817
vn 0.0 1.0 0.0
vn 0.9243 0.0 0.3817
vn -0.3828 0.0 0.9238
vn 0.0 -1.0 0.0
vn 0.0 0.0 0.0
vn -0.3817 0.0 -0.9243
vn 0.0 1.0 0.0
vn 0.3817 0.0 0.9243
vn -0.9238 0.0 0.3828
vn 0.0 -1.0 0.0
vn 0.0 0.0 0.0
vn 0.3817 0.0 -0.9243
vn 0.0 1.0 0.0
vn -0.3817 0.0 0.9243
vn -0.9238 0.0 -0.3828
vn 0.0 -1.0 0.0
vn 0.0 0.0 0.0
vn 0.9243 0.0 -0.3817
vn 0.0 1.0 0.0
vn -0.9243 0.0 0.3817
vn -0.3828 0.0 -0.9238
vn 0.0 -1.0 0.0
vn 0.0 0.0 0.0
vn 0.9243 0.0 0.3817
vn 0.0 1.0 0.0
vn -0.9243 0.0 -0.3817
vn 0.3828 0.0 -0.9238
vn 0.0 -1.0 0.0
vn 0.0 0.0 0.0

vt 0 0

g Group_001
f 1//1 2//1 4//1 3//1
f 1//2 3//2 6//2 5//2
f 1//3 5//3 8//3 7//3
f 8//4 5//4 10//4 9//4
f 8//5 9//5 12//5 11//5
f 12//6 9//6 14//6 13//6
f 12//7 13//7 16//7 15//7
f 15//8 16//8 18//8 17//8
f 17//9 18//9 20//9 19//9
f 20//10 18//10 22//10 21//10
f 22//11 18//11 24//11 23//11
f 23//12 24//12 26//12 25//12
f 25//13 26//13 28//13 27//13
f 25//14 27//14 30//14 29//14

g Group_002

f 31//16 32//16 34//16 33//16
f 31//17 33//17 36//17 35//17
f 35//18 36//18 38//18 37//18
f 38//19 36//19 40//19 39//19

g Group_003


g Group_004

f 43//22 44//22 46//22 45//22
f 43//23 45//23 48//23 47//23
f 47//24 48//24 50//24 49//24
f 50//25 48//25 52//25 51//25

g Group_005


g Group_006

f 55//28 56//28 58//28 57//28
f 55//29 57//29 60//29 59//29
f 59//30 60//30 62//30 61//30
f 62//31 60//31 64//31 63//31

g Group_007


g Group_008

f 67//34 68//34 70//34 69//34
f 67//35 69//35 72//35 71//35
f 71//36 72//36 74//36 73//36
f 74//37 72//37 76//37 75//37

g Group_009


g Group_010

f 79//40 80//40 82//40 81//40
f 79//41 81//41 84//41 83//41
f 83//42 84//42 86//42 85//42
f 86//43 84//43 88//43 87//43

g Group_011


g Group_012

f 91//46 92//46 94//46 93//46
f 91//47 93//47 96//47 95//47
f 95//48 96//48 98//48 97//48
f 98//49 96//49 100//49 99//49

g Group_013


g Group_014

f 103//52 104//52 106//52 105//52
f 103//53 105//53 108//53 107//53
f 107//54 108//54 110//54 109//54
f 110//55 108//55 112//55 111//55

g Group_015


g Group_016

f 115//58 116//58 118//58 117//58
f 115//59 117//59 120//59 119//59
f 119//60 120//60 122//60 121//60
f 122//61 120//61 124//61 123//61

g Group_017


#Vertex Count: 126